#rank	DIAMOnD_node	p_hyper
1	54476	0.0005579706529770183
2	148022	0.0007474736967850471
3	353376	2.2141647925563666e-05
4	85509	0.0010141842981680484
5	1259	0.001540141145747821
6	1260	2.5969554051197403e-05
7	1262	3.0214844255530697e-07
8	1258	2.5517795940364223e-09
9	1261	3.672373372469398e-09
10	54714	4.031145304621059e-12
11	163688	8.577431931159736e-06
12	91860	5.678719669763486e-07
13	810	3.625258402566714e-08
14	51806	2.1195078538810032e-09
15	6263	3.135796581923426e-11
16	6261	7.038757708207299e-13
17	808	2.1240682529121078e-13
18	6262	1.5065183826445692e-12
19	4842	6.756351404959819e-13
20	4843	8.944663039884401e-13
21	4846	5.978644974218944e-13
22	57172	3.15183342743506e-14
23	8536	1.9101374528043624e-16
24	57118	9.255152047549809e-19
25	816	8.76296747664006e-15
26	817	3.073698535052736e-16
27	818	1.0062354528814386e-17
28	815	4.672994064369165e-19
29	814	1.255876183615642e-19
30	10645	4.743464380791778e-13
31	5336	1.5696155092558784e-12
32	3710	1.406551066977735e-12
33	5335	1.4503178192855801e-13
34	3708	3.616889297168296e-15
35	3709	3.0831653887219597e-16
36	5331	7.201324203778754e-15
37	5332	5.368887639018057e-16
38	5330	4.250656704006617e-17
39	5535	2.4953352626638236e-18
40	5534	2.7938889243914086e-20
41	5533	1.648289116219031e-21
42	5532	1.7345379526725105e-23
43	5530	3.152889072492625e-25
44	23236	2.5533127414423338e-24
45	cpd:C00076	1.5717987471414326e-15
46	776	1.967455913252821e-15
47	775	1.383511844959969e-16
48	5501	7.895584328063011e-14
49	5499	6.361361702222306e-15
50	5500	5.081251493306759e-16
51	2903	3.780780832551854e-17
52	2904	2.2621332060704266e-18
53	2905	4.987439146513617e-16
54	2906	1.2462239502928777e-17
55	2902	4.079034030587017e-19
56	8911	1.2904347598189902e-20
57	8912	2.6608958172538353e-22
58	8913	5.080674729396212e-24
59	2915	7.477572522816732e-19
60	2911	1.1218278891977333e-19
61	2891	4.854187021415049e-17
62	2890	1.2019512887197237e-18
63	5582	1.7633398847437549e-15
64	5579	9.136029718449535e-16
65	5578	1.2194717660112614e-16
66	779	4.056597528156601e-15
67	778	2.5437574061822515e-16
68	782	1.6798797826366302e-15
69	785	5.684910410726772e-17
70	59285	1.778926104922279e-18
71	10368	5.164050035299978e-20
72	10369	1.3945372348571447e-21
73	784	3.511679323744784e-23
74	27092	8.262945893643094e-25
75	27091	1.8199163417716055e-26
76	9254	3.7576059870555967e-28
77	783	7.282136226178257e-30
78	786	1.3260066302731171e-31
79	59284	2.270587655029903e-33
80	59283	3.6586731965512903e-35
81	55799	5.550271035124484e-37
82	93589	7.929599162187e-39
83	781	1.067104929164674e-40
84	5923	7.114338698578699e-41
85	5924	1.9524748439991574e-42
86	777	3.5140385044394773e-44
87	773	2.762968398628544e-44
88	115727	2.090143508732169e-40
89	25780	4.6619065395656593e-42
90	774	1.4209972632302657e-43
91	10125	7.915188635542242e-43
92	10235	8.60644513811659e-45
93	5519	5.665040274942839e-31
94	5515	1.358177944582238e-31
95	5518	3.0106154009298093e-33
96	5516	1.0532730017439307e-34
97	55844	1.7064551434651555e-35
98	55012	2.194437941400103e-37
99	5529	2.2655456339911865e-39
100	5523	2.1519891095598738e-41
101	5526	1.8772137172329715e-43
102	5527	1.5003152840596634e-45
103	5525	3.321125342645554e-47
104	28227	2.365487346409476e-49
105	5522	2.5103899931277752e-51
106	5521	1.878250439427482e-53
107	5528	6.795291798595849e-55
108	5520	9.197044309690155e-57
109	5502	2.2766245638288405e-43
110	23293	9.170890313861104e-29
111	23381	9.08095143919719e-28
112	23049	1.0116818029534894e-27
113	7137	2.0009025082339204e-24
114	5021	2.3349587158538847e-21
115	10000	3.961664467021657e-17
116	208	3.539189386434677e-18
117	207	5.444906766440412e-19
118	596	3.946864964497632e-19
119	79660	1.8091762797596706e-17
120	5507	2.611669354268058e-19
121	89801	3.246341413144993e-21
122	5506	3.461023315961166e-23
123	90673	3.1452402818065e-25
124	5509	7.733998954884357e-27
125	5261	5.760053413153187e-24
126	5256	4.146026922700256e-26
127	5255	2.4306164122024e-28
128	5260	1.1317851422878338e-30
129	5257	1.1733242445490953e-31
130	5836	1.0091869618618353e-13
131	5834	2.7901405695336072e-15
132	5837	1.9602487662599996e-16
133	286151	3.948770344514576e-13
134	2893	2.6083958214775973e-12
135	2892	1.8107776539441575e-13
136	116443	6.030237182854614e-14
137	116444	1.121949901149972e-15
138	2901	6.869720457322912e-16
139	2899	6.466963260755337e-18
140	2900	4.7103992023701247e-20
141	2894	2.563428088512174e-22
142	2895	5.796798298335707e-24
143	2898	1.3043421940345782e-25
144	2897	4.458333721729621e-28
145	5566	1.5744556407592423e-13
146	5568	1.2727699694874774e-13
147	5567	3.665223998297562e-14
148	84152	3.2736397812133893e-16
149	112	4.5685530236249486e-14
150	196883	4.146585658226952e-15
151	115	2.8677870777517015e-16
152	107	1.8719956264527688e-17
153	108	1.1556413468985402e-18
154	114	6.758862903635714e-20
155	113	3.751044328378207e-21
156	109	2.703865825023973e-22
157	111	2.6212652414614788e-23
158	59345	8.050920121337964e-21
159	54331	5.300056937026812e-22
160	2785	3.34232550308415e-23
161	2790	2.0212657281092723e-24
162	2793	1.1733836393872282e-25
163	2786	6.544850656532776e-27
164	2787	3.5105274969745266e-28
165	10681	1.8121706534985008e-29
166	94235	9.009375289753445e-31
167	2791	6.168991962594021e-32
168	2783	2.8877994949263596e-33
169	2784	4.015332055448337e-34
170	2792	5.61150432231017e-35
171	55970	6.759987586669055e-35
172	2775	4.7722974383058e-34
173	1268	1.4107908862917768e-33
174	2770	4.743330113116441e-30
175	2773	3.5060625910671414e-31
176	2771	4.2055893871043467e-32
177	51655	1.2458775990337507e-32
178	6323	1.7677993594519958e-32
179	55811	2.674769713839385e-32
180	3760	3.2063917264792705e-32
181	3762	9.393936045772453e-33
182	3765	6.405146262423594e-35
183	3763	3.6102226509987918e-37
184	4893	4.0083706876974534e-29
185	3845	4.4160302442091115e-30
186	3265	2.5261867151397624e-31
187	5294	5.773968023603766e-32
188	5581	1.870281346678076e-31
189	146850	1.0014633344631004e-30
190	23533	1.5858545187737785e-32
191	5595	6.934448948965307e-28
192	5594	1.8510956555598441e-28
193	2788	7.239729030528822e-27
194	1815	9.237362264230874e-29
195	51764	3.556490163088573e-28
196	2782	8.752312550046168e-29
197	4543	5.554639468198437e-31
198	4544	1.4926904861475085e-32
199	2918	4.5861784318556985e-30
200	2917	1.0763758099087672e-31
201	2914	2.355427171124426e-33
202	2912	2.2778352017633963e-34
203	2913	1.0309737574439803e-35
204	2778	5.900730628214521e-34
205	10672	1.0351366169488399e-30
206	187	7.386473511185787e-30
207	1132	1.3863674985992229e-28
208	9568	3.049878163705105e-28
209	22808	3.6624337847558334e-28
210	22800	9.559746807967771e-29
211	6237	3.8268313659060413e-29
212	5290	7.376510592302196e-28
213	5293	4.050970022213238e-28
214	5291	3.302816634843458e-29
215	1813	3.655165847005992e-27
216	5296	6.007402299352719e-27
217	57580	8.280068623155771e-29
218	8503	5.034446204450524e-29
219	5295	1.9107931131210113e-29
220	5580	3.303653704424056e-28
221	5590	3.425467084794117e-27
222	5603	1.5804612810337294e-25
223	6300	1.0428608819254176e-26
224	5600	1.302120478790386e-27
225	1432	1.1540381718222327e-28
226	5602	6.244651502702473e-27
227	5601	1.5177637519717127e-27
228	5599	6.917484948960668e-28
229	11069	7.135501645438552e-30
230	10411	3.2330888012394927e-31
231	5241	1.3915257405470167e-24
232	3355	6.207627648679305e-24
233	3352	2.335430043445264e-25
234	3350	8.243964658313635e-27
235	3351	9.006566196758214e-28
236	3361	2.7159777272450416e-29
237	3354	9.293723051529026e-31
238	3363	3.2201331530528576e-28
239	1129	6.48617917139517e-28
240	2776	9.399088601859669e-22
241	27040	3.6171316227202685e-21
242	5170	7.55012526744322e-21
243	5894	1.6540098317763756e-20
244	5571	2.9961646548242286e-20
245	53632	1.9324857885508353e-21
246	5565	1.185674891369297e-22
247	5562	6.92657747547489e-24
248	51422	3.8560229259132597e-25
249	5563	2.047173493960405e-26
250	5564	1.363062759242428e-26
