#rank	DIAMOnD_node	p_hyper
1	3839	1.6114021497179898e-07
2	23481	7.189378743638225e-06
3	6949	7.74240787776433e-06
4	23246	8.315919572413485e-06
5	11127	8.909913827585784e-06
6	285855	9.52439064328151e-06
7	23432	3.0416353601600045e-05
8	8546	3.2376509765070585e-05
9	9221	3.4397715570032965e-05
10	55661	3.6479958575416405e-05
11	23054	0.0002048209984162979
12	2957	1.3641385308441647e-05
13	2091	0.000397341324743583
14	84634	0.0008162135546216937
15	5745	0.0014098026753474914
16	51289	0.0017042494644464816
17	2773	0.0008020629459110976
18	2770	9.707147171835958e-05
19	2771	1.1087117882171229e-05
20	64805	8.82532997446182e-08
21	4988	1.3241377240000112e-07
22	4985	5.6668809536916885e-09
23	140	6.064758452543226e-08
24	134	3.659972698049374e-08
25	624	2.644656450697866e-07
26	3827	3.0214844255530697e-07
27	1132	2.9715624608090185e-07
28	1128	2.0022763010947e-08
29	1129	1.4666328565811106e-09
30	8843	5.339978803176983e-10
31	56670	1.0245578306493387e-11
32	2867	1.7136854851852435e-13
33	27198	2.5251347658894513e-15
34	338442	3.304447743101674e-17
35	2693	8.74158067222263e-19
36	6751	1.536646623489038e-20
37	6752	1.6615214121365562e-22
38	6755	1.6331757538190234e-24
39	4886	1.8485514833824246e-25
40	1813	4.3307463584503105e-26
41	51738	1.3196331781496232e-27
42	9568	2.9606248387158804e-28
43	3352	6.0186323974785625e-30
44	5020	2.735196405981679e-32
45	3350	9.67096657574462e-34
46	3355	1.1251524029424512e-35
47	3354	3.369779719868526e-37
48	3351	3.7094750955074844e-39
49	1907	1.1583645567257556e-40
50	1908	2.81751797803316e-43
51	1906	1.1674155128182425e-44
52	5733	3.2042548597029e-46
53	1909	4.650810687575149e-47
54	154	1.9958638140146884e-46
55	6750	2.757052283232895e-48
56	5021	1.8427796942218138e-49
57	4852	2.1602209930786716e-47
58	2775	3.606392701621173e-17
59	55970	2.9534205574937704e-16
60	1910	5.8997762439328255e-16
61	2793	1.0661169459392442e-15
62	3361	4.3740838779683646e-17
63	2787	2.4696900604111668e-18
64	2790	1.0961036857066303e-19
65	54331	4.6246397269861736e-21
66	2785	1.8590486771066232e-22
67	94235	7.13445479594207e-24
68	2786	2.6186208102352387e-25
69	10681	9.207371431177743e-27
70	59345	3.1059409424303336e-28
71	2783	1.301806610505565e-29
72	2791	4.1055383054291915e-31
73	2784	2.8448570932207834e-32
74	1815	2.8106165079907023e-34
75	2792	6.016539687410302e-35
76	3762	5.837489482187719e-34
77	3765	2.8972202881332456e-36
78	3763	1.2476094595954682e-38
79	3760	1.7734292992818521e-40
80	3363	3.233679793000282e-33
81	6323	9.940758578881587e-32
82	4543	2.582734632913958e-30
83	4544	3.6124455734905843e-32
84	51655	5.8160204177243714e-30
85	1268	1.084019678545946e-29
86	187	5.793303195512807e-28
87	2788	6.887014443724535e-26
88	146850	9.479678786507264e-27
89	23533	1.2709068969719293e-28
90	10672	9.436118732552756e-29
91	51764	2.2053196665400228e-29
92	2782	3.4211883098317004e-30
93	2778	1.6329087531083814e-29
94	2918	3.564618538227024e-31
95	2917	5.471818776474919e-33
96	2914	7.86098790642497e-35
97	2912	3.7948171355927866e-36
98	2913	9.818421094100375e-38
99	5294	1.6164871997684433e-28
100	2776	5.419777928685169e-28
101	773	1.1940885526688307e-27
102	774	1.2464435141223924e-28
103	109	2.3696616774048576e-27
104	112	1.5347884345054183e-27
105	55811	4.8001953813656503e-29
106	108	2.1084003202116535e-30
107	107	6.210528598137508e-32
108	196883	1.7508258497706004e-33
109	115	4.727856516559062e-35
110	114	1.2238365650251135e-36
111	113	3.0389036284065495e-38
112	111	2.7644118610357346e-39
113	814	6.098684060841268e-35
114	57580	9.060967084312837e-26
115	117	2.256107082994272e-24
116	779	4.279109683505718e-24
117	778	2.3389379378004047e-25
118	776	6.159672790001769e-25
119	775	4.8116624235032606e-26
120	5923	9.876112169882027e-27
121	5924	3.9573676575339063e-28
122	4893	2.9527746498195485e-23
123	3265	2.5617709056575643e-24
124	3845	1.3696962320682944e-25
125	22800	5.23698269701557e-25
126	5581	5.344040703349345e-26
127	6237	3.755254414774464e-27
128	22808	1.7020484631860168e-28
129	5291	4.4057565447271336e-24
130	5293	3.0500949913421614e-25
131	5290	3.727804022908196e-26
132	5296	6.705929401390856e-26
133	5332	1.2381974924926707e-26
134	5331	9.00533781948285e-28
135	5330	7.749476352945116e-29
136	23236	5.3661810350854156e-30
137	8503	1.9904053987414013e-30
138	5295	4.645347876836692e-31
139	5336	2.4115462107743415e-25
140	5335	2.950959079653412e-25
141	5580	4.211534669345893e-24
142	5602	4.593644611421427e-22
143	5601	7.062916969027045e-23
144	10411	1.105900986966054e-24
145	6300	4.0087755502255727e-25
146	5603	2.0889112366214636e-26
147	5600	1.8561439474580578e-27
148	1432	1.2283660643655867e-28
149	5599	1.0468043274471244e-29
150	5595	5.3348080198145e-25
151	5594	1.0989804466811514e-25
152	27040	8.810558317503409e-25
153	91860	5.678573705222557e-21
154	163688	2.8298865186169075e-22
155	810	1.836316162796018e-23
156	805	8.414829186460536e-25
157	801	5.171910366740695e-26
158	51806	2.1913179185985857e-27
159	818	1.2680779759693694e-28
160	817	4.4972143004480585e-30
161	816	1.521707671340239e-31
162	808	6.868330875775526e-33
163	815	3.866956126761394e-34
164	2911	7.612530126305312e-25
165	2915	1.6401129947982709e-21
166	3357	2.514447448984482e-22
167	3356	7.90932710815487e-24
168	3358	3.8323124118083735e-25
169	5737	1.80440607342462e-24
170	552	6.379894252121478e-26
171	553	2.131102393557989e-27
172	185	1.6128905884650253e-27
173	2149	2.3559855391571786e-27
174	2916	4.456707131507801e-29
175	1902	9.748910635404174e-29
176	1131	5.235203495211185e-27
177	2767	3.725499742976253e-28
178	9630	4.2663174219639027e-29
179	2769	1.658666976290327e-30
180	623	8.98092911725723e-31
181	6915	6.592034681376796e-30
182	887	2.4347628646170063e-31
183	886	8.887412684660147e-33
184	146	2.61700789930308e-34
185	147	4.500908401768344e-36
186	10800	1.0957921280049206e-37
187	57105	1.158545399335138e-39
188	5724	1.104855219045529e-41
189	56413	3.32806440651425e-43
190	6865	2.7731924535095963e-45
191	7201	2.0639372325130708e-47
192	6870	1.3618363822469666e-49
193	6869	3.7892366426374165e-51
194	4923	2.145358549137159e-53
195	5731	1.0554426393007937e-55
196	3269	2.805404206991768e-57
197	2925	7.461520168795051e-59
198	148	7.383927865595033e-58
199	3973	1.9515010938723114e-52
200	7852	1.1807597309003208e-47
201	2768	6.590488308610196e-30
202	554	1.5632041703962635e-27
203	23566	8.354988978345728e-29
204	57121	1.2369371015822305e-30
205	9170	4.499849419624371e-32
206	2846	7.611305362041375e-31
207	10161	1.2563525499872015e-32
208	551	2.752170601651008e-31
209	3577	8.959198063512332e-31
210	3579	9.464956672960491e-32
211	183	1.6726537575713536e-33
212	2357	3.5914006604755998e-28
213	2147	6.342131640924233e-25
214	2359	9.597069940343113e-21
215	2358	1.7032691348280732e-23
216	5533	8.879537378411166e-20
217	5532	1.8531619621154644e-21
218	5530	7.922031132350324e-23
219	5535	1.6890711143553918e-22
220	5534	2.481153330977428e-24
221	136	3.1176565050539255e-19
222	4846	5.3510352259989135e-19
223	4842	2.814546677903242e-19
224	10000	3.5581869973561194e-19
225	208	3.941400409299655e-20
226	207	8.783247020120402e-21
227	8536	7.421732801812976e-19
228	57118	4.169830712144523e-21
229	57172	1.464015574929014e-23
230	1133	1.056842572597212e-18
231	135	1.2935556684331285e-18
232	155	2.9068891699595646e-18
233	3360	2.4310970114698433e-19
234	3362	9.320192590849741e-21
235	153	1.135332671168551e-18
236	3274	5.877794090925237e-19
237	1816	4.3260036824803106e-20
238	1812	4.475767364138835e-21
239	150	1.3739120187685455e-18
240	151	8.094569643716342e-21
241	152	2.979690437424847e-23
242	5241	6.618370128063086e-18
243	3576	1.8422603066455204e-17
244	5571	2.2585102186306273e-17
245	5562	1.6060908819496482e-18
246	51422	1.0829161981694706e-19
247	5563	6.931861198114757e-21
248	53632	4.2172989934856107e-22
249	5565	2.441172547824808e-23
250	5564	1.302436757286664e-23
