#rank	DIAMOnD_node	p_hyper
1	8864	1.5387134228339266e-06
2	5187	5.774533324630692e-09
3	102800317	3.214926130543259e-08
4	1453	1.4263180275209537e-08
5	1456	1.7086810222225905e-05
6	53944	1.774819818840412e-07
7	1455	2.110571256818515e-09
8	1452	3.660614986704937e-11
9	122011	2.335932221145247e-13
10	6608	1.9969708210123015e-13
11	8313	1.9794532680520237e-07
12	8312	2.445965287590698e-09
13	5566	1.7498880894518076e-05
14	5568	1.9716801677075082e-05
15	1499	2.5865572171341214e-06
16	5567	1.1096512100171283e-06
17	5663	1.0146871512201644e-08
18	4666	1.4569568709072603e-07
19	359	1.6322091397201028e-07
20	9586	4.2179641438281923e-07
21	64764	1.6059484945066496e-08
22	84699	5.33626460256667e-10
23	9252	1.2060783101431969e-11
24	148327	4.1391336122782906e-13
25	90993	9.862578119472686e-15
26	10488	6.990852791397414e-16
27	6770	1.4766100447763644e-17
28	1388	4.812405219784218e-19
29	1386	3.119196903115516e-19
30	1390	8.042050782851581e-22
31	468	5.3885505301722126e-21
32	8986	7.05012526738781e-21
33	57552	1.1693545949126662e-19
34	5449	1.3670439136408213e-19
35	8600	1.2613769317915726e-18
36	7038	1.467344520913306e-18
37	1586	8.243339412336963e-18
38	9658	2.6581258148111707e-16
39	1585	3.251684956720851e-16
40	1584	4.5521499998104085e-18
41	3164	2.7854441488912844e-16
42	1026	5.16605092423065e-16
43	4170	9.27712872752843e-16
44	5087	1.5909298079811594e-15
45	7350	6.216021067505109e-15
46	5595	3.779658944041037e-14
47	10000	3.798195713185438e-15
48	208	2.3808801306023783e-16
49	207	2.2063288317563142e-17
50	5594	2.2899701630246536e-18
51	5578	1.2334145567413844e-14
52	5582	1.1154921777763781e-15
53	5579	4.489284983020571e-16
54	7849	3.7816022794439195e-15
55	2353	8.146675995378458e-15
56	6300	4.245502299142957e-15
57	5603	2.292762298685283e-16
58	5600	1.6189115282167408e-17
59	1432	9.47989831875455e-19
60	5593	2.1492132704393958e-15
61	5592	1.535520040179227e-16
62	57369	9.49009797680245e-17
63	2697	4.65700975782819e-16
64	5598	5.287378353477027e-16
65	3725	2.4429674435197696e-15
66	6667	4.027144813648448e-15
67	4208	5.105176539678168e-15
68	5599	1.6175190906689867e-14
69	4217	2.2748937932196014e-16
70	5602	2.969951491769731e-16
71	225689	3.803028332472517e-18
72	5596	2.4252302646295717e-20
73	5597	1.2354521760901277e-22
74	5601	5.326611596725665e-21
75	572	6.336283856863445e-19
76	2309	1.3164089140931256e-17
77	100132074	1.6951737552804175e-17
78	4303	1.1170162036426656e-18
79	2354	1.1436945278950534e-16
80	3727	5.073015463729404e-18
81	8061	7.111046850663224e-19
82	3726	3.199103949042965e-20
83	2355	1.302370189108568e-21
84	4772	1.0382477260854975e-19
85	54	1.359729645301954e-16
86	2002	9.399572073931191e-16
87	5241	1.0232154822448403e-15
88	1845	1.1370868873420534e-15
89	5778	4.3284356201993775e-18
90	84867	1.0069725192221276e-20
91	5801	1.0825998517182082e-23
92	10018	1.3622102236104537e-14
93	6416	1.8604073336739644e-14
94	799	3.8911599473737906e-14
95	595	2.945118677705566e-13
96	2932	2.4861829305089463e-13
97	1847	4.516680040198657e-13
98	1850	5.5329360199538834e-15
99	1846	5.520828998463832e-17
100	1844	4.453164462018962e-19
101	11221	2.863982251067819e-21
102	1849	1.4361810474465387e-23
103	80824	5.418017446082551e-26
104	1852	1.8586898071934857e-26
105	1843	2.5592271056695862e-18
106	1848	2.560385715929263e-19
107	7270	8.623064665681779e-13
108	1513	2.005718761320472e-12
109	894	3.306239768930879e-12
110	1027	1.1407634533853967e-13
111	3690	1.088505141181276e-11
112	6548	1.1671312897349315e-11
113	2516	1.6947228600005703e-11
114	5609	2.177335254024207e-11
115	6885	7.931135978852194e-12
116	5608	3.4733198442283387e-12
117	5606	1.3586745150865892e-13
118	4214	1.9692814294076125e-14
119	7189	2.052924407962388e-12
120	4893	6.223585245028815e-12
121	3845	7.776478961861453e-13
122	3265	7.033474138487894e-14
123	5894	1.6680249405543626e-14
124	5604	1.7780002129458926e-13
125	2786	2.2725824074899045e-11
126	10681	2.090840063686409e-12
127	2787	1.8101427440403184e-13
128	2785	1.4788696449731603e-14
129	2793	1.1430780668910873e-15
130	54331	8.378042250863808e-17
131	59345	5.8347792310312245e-18
132	94235	3.868399809783752e-19
133	2790	2.4456749886961688e-20
134	2783	1.8741783671239317e-21
135	2791	1.0948651736640298e-22
136	2784	1.3204943106507874e-23
137	5581	1.401743058412085e-24
138	2792	8.807820559373941e-26
139	55970	5.093089193075118e-26
140	23533	1.8725248954788155e-26
141	146850	3.236369714163946e-28
142	2773	3.147961204457767e-26
143	6323	2.0397821754588198e-27
144	2775	1.5287804279400423e-28
145	2770	1.1310244732777109e-29
146	2771	1.2018133754559128e-30
147	51655	3.0782402642615493e-32
148	3763	1.6018675194148244e-30
149	3762	1.2419107706719423e-32
150	3765	8.23251943121076e-35
151	3760	2.0057343199083652e-36
152	1815	1.1620904556548253e-28
153	4543	6.534078883955595e-26
154	4544	1.5991472084129424e-27
155	9568	4.303580528054706e-25
156	2550	2.0473805930972865e-26
157	1132	7.703240781714016e-25
158	1813	2.5342537069668085e-24
159	1268	9.725191115359207e-25
160	187	1.3803336086705595e-23
161	2788	1.1536876298113091e-23
162	773	1.0162297071467859e-24
163	779	8.528343494185218e-26
164	778	5.633502117063281e-27
165	51764	1.4818333930425815e-26
166	776	1.8773514845356953e-27
167	775	1.835195521656486e-28
168	5923	2.0858762375308298e-29
169	5924	1.0014291576964538e-30
170	774	3.83562134277802e-32
171	2782	3.566815201877284e-31
172	22808	7.5729456946807845e-28
173	22800	1.5588032243922947e-28
174	6237	4.794644425960947e-29
175	3350	5.80076403542697e-27
176	3352	1.6520739925999457e-28
177	3355	4.419463447591726e-30
178	3354	3.7117360888048883e-31
179	3361	1.9305061520036958e-32
180	1129	4.530473550173741e-29
181	3363	1.2963709922972037e-27
182	5562	3.3113292226878995e-26
183	53632	1.4394106505330303e-27
184	51422	5.969087192727846e-29
185	5563	2.363179583709214e-30
186	5565	8.938004625234452e-32
187	5571	3.231439801243995e-33
188	5564	1.9129005097798167e-33
189	112	2.527957179991374e-25
190	113	1.7488397401500254e-26
191	114	8.032822825233002e-28
192	115	3.5264728683575255e-29
193	107	1.4807320453881344e-30
194	108	5.950502707936133e-32
195	196883	2.289919567480642e-33
196	109	1.364483591185659e-34
197	111	1.3026307000916025e-35
198	55811	1.3850528298236467e-36
199	814	3.167146665654386e-33
200	10411	1.9171478975488075e-30
201	11069	2.5726507088866757e-31
202	2778	4.593272934531411e-28
203	10672	9.193414073445827e-26
204	2918	2.10637375380201e-25
205	2914	6.069715787450866e-27
206	2917	1.6309512475880728e-28
207	2912	1.5387217922703038e-29
208	5291	2.0739026163848888e-23
209	5293	1.8902295829122038e-24
210	57580	2.8738438211317562e-25
211	5290	2.9184334992783456e-26
212	5295	4.253679262317984e-25
213	5580	6.206552070965895e-26
214	8503	1.3213035383416305e-26
215	5296	1.2096355904505011e-27
216	5332	4.3820912717882055e-27
217	5331	4.057451284151107e-28
218	5330	4.6237595090885044e-29
219	23236	4.093143987606281e-30
220	2776	1.0967489709724752e-26
221	6714	1.680343007315441e-23
222	5336	3.31402846787795e-22
223	5335	3.782438194138146e-22
224	27040	6.906729763856473e-22
225	817	2.0059598876674064e-20
226	818	1.189262730705454e-21
227	816	6.698217916453064e-23
228	815	7.75003367171528e-24
229	163688	6.968627939724086e-22
230	91860	4.171028524293689e-23
231	805	3.448774082667748e-24
232	810	1.910394707493386e-25
233	801	1.5062069344243295e-26
234	51806	7.752978288444388e-28
235	808	5.851722859473959e-29
236	4846	2.8390907248855503e-23
237	4842	8.871484257641437e-23
238	3710	5.6203154931901306e-24
239	3708	3.573241030911696e-25
240	3709	3.4837925573247285e-26
241	5501	3.6808112877658647e-22
242	5499	6.550890257316289e-23
243	5500	1.1705243467822198e-23
244	2904	1.5523440551762371e-21
245	2903	8.257605204448479e-21
246	10645	1.5534866387029786e-20
247	6262	1.0146848575576889e-19
248	10365	1.8569647453010072e-18
249	57172	3.606238251958411e-18
250	57118	2.2893741525572948e-20
