#rank	DIAMOnD_node	p_hyper
1	8864	1.5387134228339266e-06
2	5187	5.774533324630692e-09
3	102800317	3.214926130543259e-08
4	1453	1.4263180275209537e-08
5	1456	1.7086810222225905e-05
6	53944	1.774819818840412e-07
7	1455	2.110571256818515e-09
8	122011	3.660614986704937e-11
9	1452	2.335932221145247e-13
10	6608	1.9969708210123015e-13
11	8313	1.9794532680520237e-07
12	8312	2.445965287590698e-09
13	5566	3.1889576648160464e-06
14	5568	3.6488156759501854e-06
15	5567	8.36285638924858e-07
16	2904	8.483639330916061e-08
17	116444	1.4867112842266475e-09
18	116443	1.942774002109435e-11
19	2905	3.07862866408693e-12
20	2906	6.705325456795551e-14
21	2902	1.6920704103175513e-15
22	2893	1.916724539587513e-17
23	2892	4.366201880672874e-19
24	2903	2.811697036816035e-20
25	2891	2.3920986994409897e-22
26	2901	2.3014712958873708e-21
27	2894	7.26032328717434e-24
28	2899	1.7905756634656206e-26
29	2900	3.3330943826169286e-29
30	2895	2.634418611130703e-31
31	2898	2.0924359479753548e-33
32	2897	2.519533265375738e-36
33	5578	1.549017814456732e-08
34	5582	3.791592309178342e-09
35	776	2.4457929544987066e-10
36	775	1.8050954066744664e-11
37	5579	3.832145243019971e-12
38	7849	9.173292821899246e-13
39	7270	3.969168527544751e-12
40	9368	1.994306684107115e-11
41	7430	7.263048313604295e-13
42	6548	8.080765861926989e-12
43	59341	4.07319746848822e-11
44	56302	9.632762906249863e-11
45	8458	1.0989857263146148e-09
46	cpd:C00076	2.3005062775565477e-09
47	3710	1.419779093191303e-10
48	3708	1.7843425262552687e-11
49	3709	2.5863159008630106e-12
50	91860	8.917243117401649e-12
51	163688	4.55889101319003e-13
52	805	2.547676478236288e-14
53	810	1.1411271910538191e-15
54	51806	5.777332032541946e-17
55	801	2.305907109807851e-18
56	808	1.0735423226255508e-19
57	8911	3.1032695302875275e-21
58	8912	5.888155163107147e-23
59	8913	1.0353810290776608e-24
60	5923	1.9120604531323825e-17
61	5924	7.545873096685567e-19
62	6263	1.2437895454611562e-16
63	6261	5.570492214576596e-18
64	6262	4.866348238706596e-19
65	5501	1.8655941881677173e-17
66	5499	1.4704508980609011e-18
67	5500	1.1577700091165993e-19
68	816	1.5289128643957654e-19
69	818	5.4663617221170104e-21
70	817	1.8457823977239253e-22
71	815	1.0355464896613907e-23
72	779	1.7131211344294748e-22
73	778	8.090880367875956e-24
74	9254	8.353567578210444e-24
75	786	1.8310460478341247e-25
76	27091	3.759096410370382e-27
77	10368	7.238815161267527e-29
78	10369	1.3091573629775775e-30
79	782	2.22589282358415e-32
80	783	3.560960516471907e-34
81	59283	5.36369231278152e-36
82	784	7.610322206598081e-38
83	59285	1.0174715392914014e-39
84	59284	1.2820066569603833e-41
85	781	1.522328498007502e-43
86	785	1.7033772028858e-45
87	93589	1.7954129633842404e-47
88	27092	1.781831578552107e-49
89	55799	1.663963980139895e-51
90	777	1.1328740804896303e-44
91	773	7.084181130560958e-45
92	25780	1.1059873317336895e-42
93	115727	3.6412763899969304e-43
94	774	3.959131010642781e-44
95	10235	3.4573033544322203e-43
96	10125	2.995084857548227e-43
97	5519	1.1964460111005926e-29
98	5518	2.6115782591918695e-30
99	5527	4.940439576731545e-32
100	5523	6.266314232820991e-34
101	5526	7.338478005319001e-36
102	55012	7.929207592636702e-38
103	5529	7.896113618673617e-40
104	5525	1.8291618979658528e-41
105	28227	1.6303945296456821e-43
106	5528	9.638757024649071e-45
107	5515	6.37115034650797e-46
108	55844	1.3217193404879465e-47
109	5521	1.1245945448846562e-49
110	5522	8.860740788006762e-52
111	5516	4.262252851855987e-53
112	5520	4.287947940222447e-55
113	5502	1.69219663078584e-38
114	7137	4.630156529677026e-29
115	23293	5.888694725930161e-29
116	23381	5.851040534720894e-28
117	23049	6.538134360913328e-28
118	5021	1.0896935274029204e-21
119	10000	1.210857310615487e-18
120	208	1.004752210393289e-19
121	596	6.95382790254527e-21
122	207	9.730534192810897e-22
123	4846	8.309515083056614e-19
124	8536	3.4101089305951326e-19
125	57118	1.7242086810649126e-21
126	57172	6.11112279033909e-24
127	90673	1.6667932739224462e-17
128	5507	2.3912437332165252e-19
129	5506	2.95406506265662e-21
130	89801	3.130155779128886e-23
131	79660	2.827262140141359e-25
132	5509	6.910741574302386e-27
133	5260	5.218257681949017e-24
134	5255	3.733600052714137e-26
135	5256	2.175822217413193e-28
136	5261	1.0071561210302724e-30
137	5257	1.038188514284495e-31
138	4843	6.461831459997889e-16
139	814	4.342249051370472e-15
140	112	8.11410231050019e-15
141	114	6.683975524802966e-16
142	113	4.1900261234065456e-17
143	108	2.480315753029907e-18
144	107	1.3891986281199394e-19
145	115	7.374975515544688e-21
146	196883	3.7169846333880506e-22
147	109	2.438697011893093e-23
148	111	2.1567691507210253e-24
149	5140	5.577564436853515e-17
150	2786	9.006543711556644e-16
151	59345	7.0390288982486e-17
152	2787	5.2339886521463134e-18
153	94235	3.70897832729145e-19
154	2793	2.5086959516152288e-20
155	54331	1.6219097349754891e-21
156	10681	1.0035780703528126e-22
157	2785	5.9502599414756854e-24
158	2790	3.3841813272803496e-25
159	2791	2.4833810392291885e-26
160	2783	1.3195239335501622e-27
161	2784	1.7256309891563367e-28
162	2792	2.2667750564583298e-29
163	1268	2.131043687246889e-30
164	55970	1.001753856285908e-30
165	55811	1.616108880566839e-30
166	2775	1.2742898871526118e-29
167	2770	3.511525875763848e-30
168	2773	2.4805969199463824e-31
169	2771	2.8097302743107346e-32
170	51655	2.202166512109234e-33
171	6323	3.413347989110933e-33
172	3760	6.401081617188397e-31
173	3765	2.114512729759378e-31
174	3762	1.5872350145546336e-33
175	3763	1.0040441256985449e-35
176	4893	2.4461301244569963e-30
177	3265	2.4995117596060167e-31
178	5581	1.1814236003839331e-32
179	3845	6.765180756499317e-34
180	5595	7.243824504364291e-32
181	5594	1.7920008721995062e-32
182	23533	1.0905627617331236e-29
183	146850	1.768709510261589e-31
184	6300	2.3742246493534095e-28
185	5603	1.2852564120838208e-29
186	5600	1.3301766327879859e-30
187	1432	9.732880041049111e-32
188	5599	3.880599686944525e-31
189	5602	8.146339036449285e-30
190	5601	1.6677206928159962e-30
191	2788	5.454667935190383e-29
192	51764	1.4341166791148526e-29
193	1815	1.9430524116167246e-31
194	2782	5.544752484485213e-31
195	4543	2.1012332928525156e-31
196	4544	5.3899789057182105e-33
197	9568	7.199734850998873e-31
198	2550	3.4606964514976416e-32
199	1813	1.3950871094254729e-31
200	22808	1.2477952289529303e-30
201	22800	3.1335405294667744e-31
202	6237	1.2288216685021971e-31
203	11069	3.12102720660634e-31
204	10411	1.4225310923258538e-32
205	5294	6.519491842334253e-30
206	1132	5.729615120778517e-29
207	5332	7.34485377987781e-29
208	5331	6.35795689000473e-30
209	5336	5.990090184859939e-31
210	23236	5.660538310581182e-32
211	5330	4.577001753758605e-33
212	5335	3.933783777374911e-33
213	3350	3.5296733882835126e-28
214	3352	1.040792555512546e-29
215	3355	2.882721131800717e-31
216	3354	2.824845611543286e-32
217	3361	1.6124025591536553e-30
218	1129	1.5147791689383025e-29
219	3363	1.2050855473059e-27
220	187	1.6309092121181e-27
221	5580	4.5896362012722725e-27
222	5293	5.620129105518494e-27
223	5291	4.733665133974221e-28
224	57580	8.471863232580142e-27
225	8503	6.007402299352719e-27
226	5296	5.572661217504533e-28
227	5295	2.082911858959236e-28
228	2778	1.645251241357348e-26
229	2914	1.8599105833441902e-27
230	2917	5.11525762934822e-29
231	2918	1.3115789055498532e-30
232	2912	1.3660208030605194e-31
233	2913	6.930367348710316e-33
234	10672	3.3553183144731566e-28
235	5590	2.5330484834872422e-25
236	5241	1.0938024204656265e-24
237	2911	5.44710458720164e-23
238	2776	2.385604616588203e-22
239	27040	1.8316852097328395e-21
240	2915	2.9080897636581572e-21
241	5894	6.755621251583465e-21
242	5532	2.184232571429082e-20
243	5533	4.647157342668692e-22
244	5530	2.1671270135016743e-23
245	5535	3.3211517152481385e-23
246	5534	4.850106092370971e-25
247	5564	1.2472687278937806e-19
248	5571	1.9152709003814674e-20
249	5565	1.213400450861065e-21
250	5562	7.313090981214345e-23
