31
124
125
126
7498
1629
23396
2739
216
2324
148
886
5584
4986
8864
9033
3553
2247
1815
5025
1312
5743
55278
627
5141
2146
7166
10243
3479
4908
2260
3363
808
1812
2915
3356
6869
6870
1394
3627
6387
6347
729230
7099
51083
3065
7450
331
7098
114548
60
5175
7064
10163
8936
2904
1136
2565
2566
255738
706
56923
4887
4987
912
6531
1268
5173
2875
6611
5465
10327
127
217
9572
4852
1565
1571
121278
2693
2678
801
805
5142
952
4524
6303
2626
1040
79837
5295
5879
56925
2554
2555
9095
10950
1814
1813
2550
2736
2289
5021
6863
7124
828
7097
2668
3458
3569
3586
3952
3360
8743
551
3576
8996
146
2740
2488
1392
3972
6356
4988
5368
2131
3375
1137
3146
2039
1138
1142
2908
9531
1393
7018
9734
7291
1636
57486
8301
2863
10874
3060
6622
6285
9219
9575
4174
10898
2030
4331
2067
4513
2004
2521
27350
3956
10333
56938
6947
4900
7369
11316
6462
4135
79365
3359
9177
387129
6532
255239
27255
9892
238
23780
4054
27346
1121
9607
831
57537
9705
617
9545
28954
84627
53942
58504
1116
168400
9790
50838
54970
23552
54332
196
340075
79827
84650
5496
94233
50833
5726
1401
