125
126
131
790
10841
27306
2944
2952
5728
8398
3551
5997
4790
409
4684
4771
4986
1144
3553
89832
1815
43
116443
1312
1621
627
2066
57016
1577
1789
7166
53358
11069
1812
1816
2915
3356
1394
2912
5340
51083
6934
60
8936
1742
1136
1143
8973
11337
7306
2587
4887
1140
55584
3763
6531
4915
1268
1134
1135
814
57104
5465
112398
5319
10327
4128
217
1548
1555
1571
1553
7054
121278
2326
2328
9378
1644
408
10411
8564
3936
2149
2917
387
1103
2893
2555
2557
2564
55799
1814
1813
1128
1129
2550
9568
84152
144125
8874
57521
6863
57053
958
10718
3569
3576
1392
885
1139
2898
4988
1137
1141
1138
1142
1146
2908
64682
2335
9369
1636
3062
3060
2760
351
1759
322
55691
23174
9519
51008
23189
55749
3359
9177
134864
6532
255239
2166
64478
55384
57556
8013
3094
414
9607
27163
131450
1362
6571
5444
116068
54970
28232
57480
196
81037
50833
5726
55511
1401
