2026
125
23411
355
2869
2047
4684
581
80308
4986
1815
116443
1312
1621
4922
18
627
7166
4803
4908
1812
3356
4923
4985
1394
4158
4886
5443
2308
2912
1496
8772
7295
5291
627
1788
8777
2904
1742
2587
6531
1268
1395
5173
1020
2561
2562
4306
4128
217
2571
121278
12
5599
3351
4593
2149
2913
2555
1917
1814
1813
2903
116444
144125
102800317
1454
2289
4909
2668
3952
8787
4988
5179
8863
1393
887
7099
2904
7442
4318
4987
1385
596
4191
7054
4929
4842
3061
5290
5293
5294
2261
1813
2903
2890
56477
885
4988
2908
3060
9370
84871
3187
9575
5913
146849
1054
2004
9208
7012
5243
3359
9177
2741
6532
255239
2166
6530
26053
9024
56899
3188
81856
118429
497258
91752
56729
55511
9575
10550
6505
85437
594857
387129
361
6506
9607
5309
